ball 243.552 211.196 -0.206069 0.888295 113 45 77 224
ball 502.922 325.337 -0.37135 0.802498 235 190 251 150
ball 572.02 225.319 1.32394 1.91222 184 40 180 105
ball 107.817 119.203 0.187043 -0.0304227 254 119 192 58
ball 338.61 582.132 1.5338 0.773611 167 136 199 87
ball 546.32 254.06 0.885863 0.616243 71 198 23 42
ball 447.753 365.729 -1.09609 2.07547 97 219 13 133
ball 586.806 87.6848 -0.214859 0.283762 29 21 114 254
ball 434.724 290.948 0.55904 0.567817 201 99 242 29
ball 688.495 47.4921 1.11264 1.40445 179 63 241 74
ball 236.396 483.188 -0.157953 0.227699 70 224 103 193
ball 72.6802 539.407 0.322172 0.639972 112 126 152 235
ball 512.441 123.621 0.997974 0.614302 184 157 183 249
ball 380.616 276.719 -0.00992815 1.26777 142 145 212 144
ball 662.395 313.566 -1.96431 -2.05016 185 189 172 223
ball 395.487 316.186 -0.732397 -1.13818 245 50 48 134
#
attractor 582 92  24 198 226 9
attractor 661 312  78 192 88 183
attractor 450 377  83 200 58 101
attractor 389 292  146 109 106 183
attractor 524 256  53 252 145 6
